,laid,layoffs,ai,layoff,jobs,years,months,workers,companies,employees,last,pay,first,due,working,team,right,role,many,mass,since,tech,ceo,ago,worked,employer,week,recently,let,hiring
laid,0,23,14,16,33,58,62,14,14,29,43,29,29,36,29,25,24,23,18,5,30,11,7,33,23,20,19,23,20,11
layoffs,23,0,51,16,42,32,13,34,43,23,25,19,18,10,15,11,15,12,22,35,10,20,23,6,8,5,8,11,10,15
ai,14,51,0,11,12,7,6,13,16,2,5,4,2,5,3,1,3,3,8,9,2,10,6,2,0,4,3,2,1,7
layoff,16,16,11,0,10,17,14,9,15,11,10,11,8,7,6,8,8,7,8,8,9,10,6,1,8,5,8,3,7,5
jobs,33,42,12,10,0,11,14,11,12,5,11,9,7,7,5,2,4,4,5,3,5,8,5,2,2,2,3,6,3,3
years,58,32,7,17,11,0,10,4,8,10,17,11,13,10,15,10,6,7,13,6,10,5,0,9,15,2,4,5,4,6
months,62,13,6,14,14,10,0,0,5,4,14,8,10,13,7,4,6,12,3,3,6,2,2,16,6,7,8,6,3,6
workers,14,34,13,9,11,4,0,0,11,2,7,3,3,0,7,3,4,0,5,6,3,8,4,2,0,1,0,0,1,3
companies,14,43,16,15,12,8,5,11,0,8,4,6,4,2,6,1,8,5,9,7,5,8,3,0,4,0,3,7,3,9
employees,29,23,2,11,5,10,4,2,8,0,7,6,1,3,3,3,2,2,7,5,1,1,5,2,1,3,3,5,3,2
last,43,25,5,10,11,17,14,7,4,7,0,5,4,11,7,8,6,5,7,10,11,4,2,4,3,3,9,3,5,3
pay,29,19,4,11,9,11,8,3,6,6,5,0,2,6,7,2,3,3,3,4,3,1,4,7,0,2,4,1,5,2
first,29,18,2,8,7,13,10,3,4,1,4,2,0,5,9,5,6,6,3,4,8,1,0,2,2,0,4,3,3,2
due,36,10,5,7,7,10,13,0,2,3,11,6,5,0,4,7,7,4,6,5,8,2,0,3,6,6,7,9,7,1
working,29,15,3,6,5,15,7,7,6,3,7,7,9,4,0,4,5,5,3,4,2,2,0,3,4,2,4,5,2,3
team,25,11,1,8,2,10,4,3,1,3,8,2,5,7,4,0,4,6,5,2,4,5,2,4,3,1,3,6,8,3
right,24,15,3,8,4,6,6,4,8,2,6,3,6,7,5,4,0,5,4,4,5,1,1,4,3,3,1,0,2,4
role,23,12,3,7,4,7,12,0,5,2,5,3,6,4,5,6,5,0,2,2,2,3,2,7,3,2,2,4,4,1
many,18,22,8,8,5,13,3,5,9,7,7,3,3,6,3,5,4,2,0,1,2,4,4,2,2,0,6,1,4,2
mass,5,35,9,8,3,6,3,6,7,5,10,4,4,5,4,2,4,2,1,0,5,3,2,2,3,1,2,1,3,4
since,30,10,2,9,5,10,6,3,5,1,11,3,8,8,2,4,5,2,2,5,0,2,1,4,5,2,3,3,4,1
tech,11,20,10,10,8,5,2,8,8,1,4,1,1,2,2,5,1,3,4,3,2,0,0,3,3,1,2,3,1,4
ceo,7,23,6,6,5,0,2,4,3,5,2,4,0,0,0,2,1,2,4,2,1,0,0,0,0,1,2,1,0,0
ago,33,6,2,1,2,9,16,2,0,2,4,7,2,3,3,4,4,7,2,2,4,3,0,0,4,1,2,0,2,2
worked,23,8,0,8,2,15,6,0,4,1,3,0,2,6,4,3,3,3,2,3,5,3,0,4,0,1,2,3,3,2
employer,20,5,4,5,2,2,7,1,0,3,3,2,0,6,2,1,3,2,0,1,2,1,1,1,1,0,2,2,3,2
week,19,8,3,8,3,4,8,0,3,3,9,4,4,7,4,3,1,2,6,2,3,2,2,2,2,2,0,2,1,1
recently,23,11,2,3,6,5,6,0,7,5,3,1,3,9,5,6,0,4,1,1,3,3,1,0,3,2,2,0,5,1
let,20,10,1,7,3,4,3,1,3,3,5,5,3,7,2,8,2,4,4,3,4,1,0,2,3,3,1,5,0,0
hiring,11,15,7,5,3,6,6,3,9,2,3,2,2,1,3,3,4,1,2,4,1,4,0,2,2,2,1,1,0,0
