,laid,job,layoffs,company,years,got,work,get,layoff,like,people,time,year,ai,months,new,one,tech,last,jobs,would,companies,even,role,getting,back,also,still,since,career
laid,0,649,144,409,412,532,320,350,140,286,261,290,247,99,293,242,220,146,243,175,168,104,145,157,215,164,144,140,179,132
job,649,0,294,251,265,268,229,243,167,203,149,200,176,98,192,192,153,119,152,134,116,71,118,105,132,112,113,118,127,113
layoffs,144,294,0,300,180,97,197,173,75,219,232,159,150,180,106,144,127,137,99,127,108,169,136,82,68,91,108,107,82,95
company,409,251,300,0,204,156,182,135,137,138,124,121,121,54,130,116,108,78,103,67,97,68,82,92,60,80,74,68,75,55
years,412,265,180,204,0,179,134,119,108,119,78,128,112,56,111,91,95,84,113,75,66,60,68,95,81,76,53,55,83,90
got,532,268,97,156,179,0,115,103,80,119,86,114,116,47,134,95,91,64,117,68,55,41,66,67,77,68,56,65,87,62
work,320,229,197,182,134,115,0,121,88,142,115,118,106,53,76,98,93,66,77,68,82,50,72,73,67,77,64,61,63,54
get,350,243,173,135,119,103,121,0,90,111,107,101,72,53,85,92,69,63,54,74,86,50,70,41,72,78,63,61,71,56
layoff,140,167,75,137,108,80,88,90,0,97,95,87,63,44,68,78,81,49,62,45,72,62,50,44,42,48,42,59,50,38
like,286,203,219,138,119,119,142,111,97,0,119,113,79,70,68,74,76,79,70,81,84,83,85,47,75,53,63,59,65,61
people,261,149,232,124,78,86,115,107,95,119,0,89,67,80,55,69,74,62,47,73,74,74,75,33,55,44,49,68,32,43
time,290,200,159,121,128,114,118,101,87,113,89,0,80,43,85,82,71,45,65,60,59,50,59,48,60,60,55,51,58,54
year,247,176,150,121,112,116,106,72,63,79,67,80,0,38,71,77,69,51,120,52,47,40,38,50,49,42,45,50,71,49
ai,99,98,180,54,56,47,53,53,44,70,80,43,38,0,28,32,44,60,27,60,27,63,45,27,30,23,29,31,25,41
months,293,192,106,130,111,134,76,85,68,68,55,85,71,28,0,83,59,34,71,52,53,32,44,54,57,49,30,44,53,32
new,242,192,144,116,91,95,98,92,78,74,69,82,77,32,83,0,60,38,61,60,56,35,38,78,48,49,42,41,56,36
one,220,153,127,108,95,91,93,69,81,76,74,71,69,44,59,60,0,27,62,47,46,36,62,51,35,39,43,36,38,41
tech,146,119,137,78,84,64,66,63,49,79,62,45,51,60,34,38,27,0,33,43,31,57,35,33,41,34,37,30,35,36
last,243,152,99,103,113,117,77,54,62,70,47,65,120,27,71,61,62,33,0,42,37,33,35,53,38,34,38,45,53,23
jobs,175,134,127,67,75,68,68,74,45,81,73,60,52,60,52,60,47,43,42,0,38,47,44,19,55,28,27,39,45,35
would,168,116,108,97,66,55,82,86,72,84,74,59,47,27,53,56,46,31,37,38,0,31,34,44,30,41,43,37,31,30
companies,104,71,169,68,60,41,50,50,62,83,74,50,40,63,32,35,36,57,33,47,31,0,41,17,22,18,40,37,32,25
even,145,118,136,82,68,66,72,70,50,85,75,59,38,45,44,38,62,35,35,44,34,41,0,27,36,26,33,47,36,29
role,157,105,82,92,95,67,73,41,44,47,33,48,50,27,54,78,51,33,53,19,44,17,27,0,26,31,20,23,35,44
getting,215,132,68,60,81,77,67,72,42,75,55,60,49,30,57,48,35,41,38,55,30,22,36,26,0,41,27,36,37,32
back,164,112,91,80,76,68,77,78,48,53,44,60,42,23,49,49,39,34,34,28,41,18,26,31,41,0,18,24,31,28
also,144,113,108,74,53,56,64,63,42,63,49,55,45,29,30,42,43,37,38,27,43,40,33,20,27,18,0,31,31,25
still,140,118,107,68,55,65,61,61,59,59,68,51,50,31,44,41,36,30,45,39,37,37,47,23,36,24,31,0,37,20
since,179,127,82,75,83,87,63,71,50,65,32,58,71,25,53,56,38,35,53,45,31,32,36,35,37,31,31,37,0,31
career,132,113,95,55,90,62,54,56,38,61,43,54,49,41,32,36,41,36,23,35,30,25,29,44,32,28,25,20,31,0
