,laid,layoffs,years,layoff,ai,months,tech,jobs,last,career,role,since,companies,team,working,market,right,first,experience,pay,ago,manager,cut,worked,offer,another,recently,next,roles,looking
laid,0,52,126,48,50,96,53,73,82,52,53,72,36,53,59,36,41,52,47,45,58,49,33,43,35,30,46,27,24,42
layoffs,52,0,56,23,73,40,62,44,32,30,30,21,57,24,23,34,33,21,25,20,19,16,29,18,13,17,15,21,27,12
years,126,56,0,35,26,38,34,39,37,33,36,30,19,16,26,18,19,22,32,13,38,19,13,29,13,18,15,21,15,18
layoff,48,23,35,0,22,32,18,22,24,19,16,19,22,13,16,15,14,22,9,13,10,7,17,13,11,20,6,18,6,8
ai,50,73,26,22,0,17,25,31,16,22,14,11,28,10,6,16,15,11,8,6,10,7,18,7,5,8,9,8,13,4
months,96,40,38,32,17,0,15,25,22,14,18,22,12,15,18,13,11,20,15,13,33,14,9,16,9,15,9,12,8,13
tech,53,62,34,18,25,15,0,20,16,18,17,10,16,9,15,22,18,8,10,8,7,5,6,12,16,10,11,8,9,9
jobs,73,44,39,22,31,25,20,0,14,19,12,24,22,9,9,12,14,7,13,18,12,7,21,7,8,9,9,7,12,12
last,82,32,37,24,16,22,16,14,0,11,21,21,15,12,13,9,9,7,9,5,6,13,12,11,6,12,4,10,6,7
career,52,30,33,19,22,14,18,19,11,0,19,10,8,3,6,15,10,7,15,9,6,2,9,6,5,5,12,6,6,7
role,53,30,36,16,14,18,17,12,21,19,0,13,5,13,11,10,8,7,11,12,16,5,7,8,12,8,13,8,8,7
since,72,21,30,19,11,22,10,24,21,10,13,0,12,9,12,8,14,12,12,9,10,8,9,7,6,12,8,5,5,6
companies,36,57,19,22,28,12,16,22,15,8,5,12,0,3,4,10,15,4,7,10,10,6,11,2,5,3,3,6,11,5
team,53,24,16,13,10,15,9,9,12,3,13,9,3,0,16,2,3,9,4,9,7,13,10,4,2,5,6,6,4,5
working,59,23,26,16,6,18,15,9,13,6,11,12,4,16,0,3,6,6,10,6,4,8,10,9,4,8,9,11,3,5
market,36,34,18,15,16,13,22,12,9,15,10,8,10,2,3,0,15,4,7,4,5,4,6,2,10,4,7,8,6,5
right,41,33,19,14,15,11,18,14,9,10,8,14,15,3,6,15,0,9,5,7,7,4,2,5,6,6,8,8,9,4
first,52,21,22,22,11,20,8,7,7,7,7,12,4,9,6,4,9,0,9,5,9,5,7,6,5,7,4,6,8,2
experience,47,25,32,9,8,15,10,13,9,15,11,12,7,4,10,7,5,9,0,8,9,2,6,7,5,7,7,2,3,6
pay,45,20,13,13,6,13,8,18,5,9,12,9,10,9,6,4,7,5,8,0,6,2,13,2,8,9,3,6,4,4
ago,58,19,38,10,10,33,7,12,6,6,16,10,10,7,4,5,7,9,9,6,0,7,5,7,7,5,4,6,7,4
manager,49,16,19,7,7,14,5,7,13,2,5,8,6,13,8,4,4,5,2,2,7,0,7,7,2,6,5,5,4,4
cut,33,29,13,17,18,9,6,21,12,9,7,9,11,10,10,6,2,7,6,13,5,7,0,1,4,7,1,1,6,3
worked,43,18,29,13,7,16,12,7,11,6,8,7,2,4,9,2,5,6,7,2,7,7,1,0,5,4,10,2,0,4
offer,35,13,13,11,5,9,16,8,6,5,12,6,5,2,4,10,6,5,5,8,7,2,4,5,0,1,6,4,5,4
another,30,17,18,20,8,15,10,9,12,5,8,12,3,5,8,4,6,7,7,9,5,6,7,4,1,0,2,7,4,1
recently,46,15,15,6,9,9,11,9,4,12,13,8,3,6,9,7,8,4,7,3,4,5,1,10,6,2,0,7,3,5
next,27,21,21,18,8,12,8,7,10,6,8,5,6,6,11,8,8,6,2,6,6,5,1,2,4,7,7,0,3,4
roles,24,27,15,6,13,8,9,12,6,6,8,5,11,4,3,6,9,8,3,4,7,4,6,0,5,4,3,3,0,3
looking,42,12,18,8,4,13,9,12,7,7,7,6,5,5,5,5,4,2,6,4,4,4,3,4,4,1,5,4,3,0
